 1 2 3 4 5 6 7 8 910111213              13121110 9 8 7 6 5 4 3 2 1
   1 2 3 4 5 6 7 8 910111213          13121110 9 8 7 6 5 4 3 2 1
     1 2 3 4 5 6 7 8 910111213      13121110 9 8 7 6 5 4 3 2 1
       1 2 3 4 5 6 7 8 910111213  13121110 9 8 7 6 5 4 3 2 1
         1 2 3 4 5 6 7 8 910111213121110 9 8 7 6 5 4 3 2 1
           1 2 3 4 5 6 7 8 91011121110 9 8 7 6 5 4 3 2 1
             1 2 3 4 5 6 7 8 9101110 9 8 7 6 5 4 3 2 1
               1 2 3 4 5 6 7 8 910 9 8 7 6 5 4 3 2 1
                 1 2 3 4 5 6 7 8 9 8 7 6 5 4 3 2 1
                   1 2 3 4 5 6 7 8 7 6 5 4 3 2 1
                     1 2 3 4 5 6 7 6 5 4 3 2 1
                       1 2 3 4 5 6 5 4 3 2 1
                         1 2 3 4 5 4 3 2 1
                           1 2 3 4 3 2 1
                             1 2 3 2 1
                               1 2 1
                                 1

给定行数17，再给一个值13，实现上面的效果